SRS056210_LANL_scaffold_6	367	863	0
SRS056210_LANL_scaffold_7	369	11	0
SRS056210_LANL_scaffold_9	368	475	0
SRS056210_LANL_scaffold_10	300	319	0
SRS056210_LANL_scaffold_11	363	21	0
SRS056210_LANL_scaffold_14	309	889	0
SRS056210_LANL_scaffold_19	300	11	0
SRS056210_LANL_scaffold_21	436	21	0
SRS056210_LANL_scaffold_24	371	2018	0
C62866	300	18	0
C62868	300	15	0
C62870	301	13	0
C62872	302	16	0
C62874	302	12	0
C62876	304	13	0
C62878	305	19	0
C62880	306	17	0
C62882	306	13	0
C62884	310	13	0
C62886	310	15	0
C62888	311	12	0
C62890	311	21	0
C62894	313	14	0
C62896	314	15	0
C62898	316	10	0
C62900	317	18	0
C62902	317	12	0
C62904	319	16	0
C62906	319	19	0
C62908	322	18	0
C62910	324	16	0
C62912	325	13	0
C62914	326	19	0
C62916	327	17	0
C62918	328	14	0
C62920	331	23	0
C62922	333	13	0
C62924	334	13	0
C62926	335	16	0
C62928	336	16	0
C62930	336	19	0
C62932	337	15	0
C62934	338	15	0
C62936	341	15	0
C62938	341	18	0
C62940	341	23	0
C62942	343	22	0
C62944	343	19	0
C62946	344	272	0
C62948	346	14	0
C62950	346	18	0
C62952	347	23	0
C62954	349	19	0
C62956	349	38	0
C62958	351	15	0
C62960	353	14	0
C62962	354	24	0
C62964	357	20	0
C62966	358	26	0
C62968	359	16	0
C62970	360	23	0
C62972	360	15	0
C62974	362	18	0
C62976	363	25	0
C62978	364	17	0
C62980	364	23	0
C62982	364	16	0
C62984	368	19	0
C62986	372	19	0
C62988	374	16	0
C62990	375	18	0
C62992	375	18	0
C62994	376	26	0
C62996	381	16	0
C62998	387	560	0
C63000	391	24	0
C63002	391	23	0
C63004	393	25	0
C63006	393	24	0
C63008	396	27	0
C63010	407	21	0
C63012	408	23	0
C63014	410	17	0
C63016	410	19	0
C63018	411	28	0
C63020	412	28	0
C63022	413	21	0
C63024	413	21	0
C63026	414	23	0
C63028	421	21	0
C63030	424	23	0
C63032	432	20	0
C63034	435	25	0
C63036	435	25	0
C63038	436	38	0
C63040	438	30	0
C63042	443	25	0
C63044	448	28	0
C63046	453	26	0
C63048	457	26	0
C63050	460	28	0
C63052	461	35	0
C63054	463	23	0
C63056	466	15	0
C63058	473	23	0
C63060	474	24	0
C63062	474	26	0
C63064	475	27	0
C63066	476	22	0
C63068	478	32	0
C63070	481	26	0
C63072	482	30	0
C63074	483	34	0
C63076	483	28	0
C63078	490	27	0
C63080	491	27	0
C63082	494	23	0
C63084	495	23	0
C63086	503	33	0
C63088	512	36	0
C63090	512	32	0
C63092	517	27	0
C63094	517	31	0
C63096	523	36	0
C63098	524	26	0
C63100	530	35	0
C63102	537	31	0
C63104	537	38	0
C63106	548	34	0
C63108	559	33	0
C63110	560	25	0
C63112	564	44	0
C63114	566	34	0
C63116	568	49	0
C63118	568	36	0
C63120	570	31	0
C63122	577	28	0
C63124	615	32	0
C63126	647	33	0
C63128	737	37	0
C63130	751	41	0
C63132	801	64	0
C63134	804	68	0
C63136	807	48	0
C63138	892	76	0
C63140	945	58	0
*	0	0	0
