SRS016033_WUGC_scaffold_6	302	11	0
SRS016033_WUGC_scaffold_13	327	17	0
SRS016033_WUGC_scaffold_22	760	72	0
SRS016033_WUGC_scaffold_26	374	23	0
SRS016033_WUGC_scaffold_28	515	1525	0
SRS016033_WUGC_scaffold_31	423	21	0
SRS016033_WUGC_scaffold_35	335	17	0
SRS016033_WUGC_scaffold_45	330	155	0
SRS016033_WUGC_scaffold_46	377	855	0
SRS016033_WUGC_scaffold_47	388	28	0
SRS016033_WUGC_scaffold_49	329	12	0
SRS016033_WUGC_scaffold_50	535	38	0
SRS016033_WUGC_scaffold_51	1062	100	0
SRS016033_WUGC_scaffold_52	459	888	0
SRS016033_WUGC_scaffold_54	304	24	0
SRS016033_WUGC_scaffold_55	455	34	0
SRS016033_WUGC_scaffold_56	315	17	0
SRS016033_WUGC_scaffold_57	345	28	0
SRS016033_WUGC_scaffold_58	1299	124	0
SRS016033_WUGC_scaffold_59	397	22	0
SRS016033_WUGC_scaffold_60	1104	96	0
C63877	302	12	0
C63879	302	10	0
C63881	302	16	0
C63883	304	18	0
C63885	304	12	0
C63887	312	15	0
C63889	313	13	0
C63891	313	16	0
C63893	316	25	0
C63895	318	11	0
C63897	318	304	0
C63899	320	20	0
C63901	322	15	0
C63903	323	18	0
C63905	323	13	0
C63907	324	13	0
C63909	326	12	0
C63915	328	13	0
C63917	329	13	0
C63919	331	19	0
C63921	332	15	0
C63925	334	29	0
C63927	335	21	0
C63929	336	13	0
C63931	338	16	0
C63933	338	18	0
C63935	339	15	0
C63937	341	17	0
C63939	346	26	0
C63941	348	27	0
C63945	355	576	0
C63947	355	13	0
C63949	358	16	0
C63951	358	36	0
C63953	359	30	0
C63955	359	22	0
C63957	360	43	0
C63959	362	15	0
C63961	362	21	0
C63963	363	43	0
C63965	363	15	0
C63967	364	13	0
C63969	366	30	0
C63971	366	19	0
C63975	374	15	0
C63977	375	30	0
C63979	376	18	0
C63981	379	45	0
C63983	380	38	0
C63985	381	35	0
C63987	382	23	0
C63989	385	39	0
C63991	387	38	0
C63993	387	28	0
C63995	389	19	0
C63997	393	17	0
C63999	401	25	0
C64001	401	26	0
C64003	408	30	0
C64005	418	27	0
C64007	420	22	0
C64009	420	20	0
C64011	431	23	0
C64013	435	30	0
C64015	442	32	0
C64017	454	25	0
C64019	464	35	0
C64021	464	26	0
C64023	476	27	0
C64025	478	24	0
C64027	488	26	0
C64029	502	56	0
C64031	502	39	0
C64033	503	30	0
C64035	506	24	0
C64037	508	34	0
C64039	510	23	0
C64041	517	24	0
C64043	518	46	0
C64045	521	30	0
C64047	527	49	0
C64049	559	26	0
C64051	562	62	0
C64053	567	26	0
C64055	624	31	0
C64057	642	64	0
C64059	654	37	0
C64063	682	73	0
C64065	697	65	0
C64069	719	113	0
C64071	739	67	0
C64073	762	83	0
C64075	819	81	0
C64077	855	112	0
C64083	1075	108	0
C64085	1095	108	0
C64087	1139	141	0
C64089	1202	115	0
*	0	0	0
