SRS019597_WUGC_scaffold_1	352	14	0
SRS019597_WUGC_scaffold_2	512	28	0
SRS019597_WUGC_scaffold_11	344	19	0
SRS019597_WUGC_scaffold_12	352	15	0
SRS019597_WUGC_scaffold_15	332	10	0
SRS019597_WUGC_scaffold_20	345	13	0
SRS019597_WUGC_scaffold_21	508	28	0
SRS019597_WUGC_scaffold_36	403	21	0
SRS019597_WUGC_scaffold_37	311	7	0
SRS019597_WUGC_scaffold_42	305	17	0
SRS019597_WUGC_scaffold_49	306	15	0
SRS019597_WUGC_scaffold_61	330	16	0
SRS019597_WUGC_scaffold_63	424	20	0
SRS019597_WUGC_scaffold_65	688	326	0
SRS019597_WUGC_scaffold_78	682	36	0
SRS019597_WUGC_scaffold_84	4887	938	0
SRS019597_WUGC_scaffold_90	315	15	0
SRS019597_WUGC_scaffold_91	1059	227	0
SRS019597_WUGC_scaffold_96	492	23	0
SRS019597_WUGC_scaffold_105	474	22	0
SRS019597_WUGC_scaffold_118	477	24	0
SRS019597_WUGC_scaffold_127	366	14	0
SRS019597_WUGC_scaffold_128	543	1288	0
SRS019597_WUGC_scaffold_129	16427	3776	0
SRS019597_WUGC_scaffold_130	450	30	0
SRS019597_WUGC_scaffold_132	660	39	0
SRS019597_WUGC_scaffold_138	2774	567	0
SRS019597_WUGC_scaffold_139	365	220	0
SRS019597_WUGC_scaffold_140	379	20	0
SRS019597_WUGC_scaffold_141	316	20	0
SRS019597_WUGC_scaffold_142	851	139	0
SRS019597_WUGC_scaffold_149	352	20	0
SRS019597_WUGC_scaffold_152	379	331	0
SRS019597_WUGC_scaffold_157	316	11	0
SRS019597_WUGC_scaffold_162	310	19	0
SRS019597_WUGC_scaffold_167	61277	16355	0
SRS019597_WUGC_scaffold_168	24046	9297	0
SRS019597_WUGC_scaffold_172	772	64	0
SRS019597_WUGC_scaffold_179	588	82	0
SRS019597_WUGC_scaffold_180	844	208	0
SRS019597_WUGC_scaffold_182	2195	335	0
SRS019597_WUGC_scaffold_183	5020	795	0
SRS019597_WUGC_scaffold_187	755	39	0
SRS019597_WUGC_scaffold_189	380	19	0
SRS019597_WUGC_scaffold_196	28986	6073	0
SRS019597_WUGC_scaffold_197	311	8	0
SRS019597_WUGC_scaffold_199	330	22	0
SRS019597_WUGC_scaffold_200	306	10	0
SRS019597_WUGC_scaffold_201	1458	249	0
SRS019597_WUGC_scaffold_203	313	15	0
SRS019597_WUGC_scaffold_205	303	12	0
SRS019597_WUGC_scaffold_208	334	15	0
SRS019597_WUGC_scaffold_213	430	22	0
SRS019597_WUGC_scaffold_218	1779	560	0
SRS019597_WUGC_scaffold_219	644	36	0
SRS019597_WUGC_scaffold_220	520	27	0
SRS019597_WUGC_scaffold_221	361	25	0
SRS019597_WUGC_scaffold_224	25686	6194	0
SRS019597_WUGC_scaffold_232	487	26	0
SRS019597_WUGC_scaffold_233	312	17	0
SRS019597_WUGC_scaffold_234	771	101	0
SRS019597_WUGC_scaffold_235	10265	2163	0
SRS019597_WUGC_scaffold_237	352	10	0
SRS019597_WUGC_scaffold_238	51842	11018	0
SRS019597_WUGC_scaffold_242	3039	760	0
SRS019597_WUGC_scaffold_243	377	29	0
SRS019597_WUGC_scaffold_245	415	17	0
SRS019597_WUGC_scaffold_246	18245	3271	0
SRS019597_WUGC_scaffold_247	571	31	0
SRS019597_WUGC_scaffold_248	5693	2935	0
SRS019597_WUGC_scaffold_249	544	197	0
SRS019597_WUGC_scaffold_250	462	31	0
SRS019597_WUGC_scaffold_251	467	84	0
SRS019597_WUGC_scaffold_252	460	22	0
SRS019597_WUGC_scaffold_253	539	25	0
SRS019597_WUGC_scaffold_255	501	25	0
SRS019597_WUGC_scaffold_256	5012	909	0
SRS019597_WUGC_scaffold_257	310	10	0
SRS019597_WUGC_scaffold_258	311	31	0
SRS019597_WUGC_scaffold_259	352	14	0
SRS019597_WUGC_scaffold_260	443	24	0
SRS019597_WUGC_scaffold_261	456	40	0
SRS019597_WUGC_scaffold_262	454	30	0
SRS019597_WUGC_scaffold_265	306	7	0
SRS019597_WUGC_scaffold_266	660	39	0
SRS019597_WUGC_scaffold_267	451	79	0
SRS019597_WUGC_scaffold_268	1070	216	0
SRS019597_WUGC_scaffold_269	2101	813	0
SRS019597_WUGC_scaffold_270	328	21	0
SRS019597_WUGC_scaffold_271	7466	1309	0
SRS019597_WUGC_scaffold_272	315	457	0
SRS019597_WUGC_scaffold_273	319	28	0
SRS019597_WUGC_scaffold_274	5810	1031	0
SRS019597_WUGC_scaffold_275	362	10	0
SRS019597_WUGC_scaffold_276	554	56	0
SRS019597_WUGC_scaffold_277	989	166	0
SRS019597_WUGC_scaffold_278	413	20	0
SRS019597_WUGC_scaffold_279	3089	696	0
SRS019597_WUGC_scaffold_280	13475	3961	0
SRS019597_WUGC_scaffold_281	738	50	0
SRS019597_WUGC_scaffold_282	471	22	0
SRS019597_WUGC_scaffold_283	11777	2223	0
SRS019597_WUGC_scaffold_284	877	54	0
SRS019597_WUGC_scaffold_285	2516	475	0
SRS019597_WUGC_scaffold_286	8175	1445	0
SRS019597_WUGC_scaffold_287	14185	2922	0
SRS019597_WUGC_scaffold_288	784	39	0
SRS019597_WUGC_scaffold_289	851	53	0
SRS019597_WUGC_scaffold_290	872	198	0
SRS019597_WUGC_scaffold_291	1023	214	0
SRS019597_WUGC_scaffold_292	2421	502	0
SRS019597_WUGC_scaffold_293	5069	915	0
SRS019597_WUGC_scaffold_294	3921	1202	0
SRS019597_WUGC_scaffold_295	3944	620	0
SRS019597_WUGC_scaffold_296	24176	4208	0
SRS019597_WUGC_scaffold_297	11555	2413	0
SRS019597_WUGC_scaffold_298	4664	1014	0
SRS019597_WUGC_scaffold_299	8638	1928	0
SRS019597_WUGC_scaffold_300	6556	1139	0
SRS019597_WUGC_scaffold_301	22120	4583	0
SRS019597_WUGC_scaffold_302	9710	1768	0
SRS019597_WUGC_scaffold_303	9600	1983	0
SRS019597_WUGC_scaffold_304	47531	9581	0
SRS019597_WUGC_scaffold_305	6025	1087	0
SRS019597_WUGC_scaffold_306	19344	4021	0
SRS019597_WUGC_scaffold_307	13965	2204	0
SRS019597_WUGC_scaffold_308	21680	4642	0
SRS019597_WUGC_scaffold_309	20078	4122	0
SRS019597_WUGC_scaffold_310	23362	5279	0
SRS019597_WUGC_scaffold_311	10540	1948	0
SRS019597_WUGC_scaffold_312	9296	1461	0
SRS019597_WUGC_scaffold_313	23848	4651	0
SRS019597_WUGC_scaffold_314	10535	2043	0
SRS019597_WUGC_scaffold_315	11273	2046	0
SRS019597_WUGC_scaffold_316	5317	973	0
SRS019597_WUGC_scaffold_317	21694	4134	0
SRS019597_WUGC_scaffold_318	11007	1994	0
SRS019597_WUGC_scaffold_319	14766	3213	0
SRS019597_WUGC_scaffold_320	5903	1380	0
SRS019597_WUGC_scaffold_321	18834	3933	0
SRS019597_WUGC_scaffold_322	21868	4285	0
SRS019597_WUGC_scaffold_323	50684	11017	0
SRS019597_WUGC_scaffold_324	21005	4799	0
SRS019597_WUGC_scaffold_325	29752	7098	0
SRS019597_WUGC_scaffold_326	13205	3542	0
SRS019597_WUGC_scaffold_327	37820	7060	0
C53954	300	16	0
C53956	300	11	0
C53958	300	10	0
C53960	300	19	0
C53962	300	16	0
C53964	300	12	0
C53966	301	339	0
C53968	301	20	0
C53970	301	19	0
C53972	301	15	0
C53974	301	17	0
C53976	301	18	0
C53978	301	15	0
C53980	301	17	0
C53982	301	14	0
C53984	301	19	0
C53986	301	18	0
C53988	302	14	0
C53990	302	20	0
C53992	302	14	0
C53994	302	14	0
C53996	302	12	0
C53998	302	9	0
C54000	302	17	0
C54002	302	11	0
C54004	302	17	0
C54006	303	14	0
C54008	303	11	0
C54010	303	16	0
C54012	303	18	0
C54014	303	20	0
C54016	303	17	0
C54018	303	15	0
C54020	303	13	0
C54022	303	12	0
C54024	304	12	0
C54026	304	10	0
C54028	304	17	0
C54030	304	22	0
C54032	304	13	0
C54034	304	14	0
C54036	304	22	0
C54038	304	10	0
C54040	305	14	0
C54042	305	22	0
C54044	305	20	0
C54046	305	17	0
C54048	305	15	0
C54050	305	10	0
C54052	305	15	0
C54054	305	13	0
C54056	305	12	0
C54058	305	9	0
C54060	306	13	0
C54062	306	16	0
C54064	306	14	0
C54066	306	12	0
C54068	306	17	0
C54070	306	11	0
C54072	306	22	0
C54074	306	28	0
C54076	306	14	0
C54078	306	19	0
C54080	306	12	0
C54082	307	14	0
C54084	307	11	0
C54086	307	21	0
C54088	307	14	0
C54090	307	15	0
C54092	307	15	0
C54094	307	17	0
C54096	308	20	0
C54098	308	16	0
C54100	308	19	0
C54102	308	22	0
C54104	308	14	0
C54106	308	17	0
C54108	308	12	0
C54110	308	16	0
C54112	308	17	0
C54114	309	11	0
C54116	309	14	0
C54118	309	17	0
C54120	309	10	0
C54122	309	19	0
C54124	309	18	0
C54126	310	15	0
C54128	310	11	0
C54130	310	14	0
C54132	310	18	0
C54134	310	18	0
C54136	310	13	0
C54138	311	15	0
C54140	311	17	0
C54142	311	12	0
C54144	311	14	0
C54146	311	131	0
C54148	311	76	0
C54150	311	11	0
C54152	311	23	0
C54154	311	15	0
C54156	311	20	0
C54158	312	11	0
C54160	312	15	0
C54162	312	10	0
C54164	312	12	0
C54166	312	15	0
C54168	312	17	0
C54170	312	11	0
C54172	312	17	0
C54174	312	15	0
C54176	312	17	0
C54178	312	16	0
C54180	313	13	0
C54182	313	13	0
C54184	313	16	0
C54186	313	14	0
C54188	313	17	0
C54190	313	9	0
C54192	313	21	0
C54194	313	13	0
C54196	313	14	0
C54198	313	9	0
C54200	313	22	0
C54202	313	13	0
C54204	313	19	0
C54206	313	15	0
C54208	314	16	0
C54210	314	13	0
C54212	314	16	0
C54214	314	16	0
C54216	314	14	0
C54218	314	15	0
C54220	314	45	0
C54222	315	12	0
C54226	315	14	0
C54228	315	16	0
C54230	315	16	0
C54232	315	14	0
C54234	315	11	0
C54236	316	18	0
C54238	316	19	0
C54240	316	13	0
C54242	317	15	0
C54244	317	16	0
C54246	317	20	0
C54248	317	16	0
C54250	317	8	0
C54252	317	14	0
C54254	317	19	0
C54256	317	16	0
C54258	318	20	0
C54260	318	17	0
C54262	318	10	0
C54264	318	13	0
C54266	318	10	0
C54268	318	21	0
C54270	318	13	0
C54272	319	17	0
C54274	319	15	0
C54276	319	11	0
C54278	319	536	0
C54280	319	13	0
C54282	319	18	0
C54284	319	19	0
C54286	319	18	0
C54288	319	18	0
C54290	320	18	0
C54292	320	14	0
C54294	320	15	0
C54296	320	14	0
C54298	320	15	0
C54300	320	15	0
C54302	320	17	0
C54304	320	17	0
C54306	320	14	0
C54308	320	27	0
C54310	321	18	0
C54312	321	15	0
C54314	321	17	0
C54316	321	17	0
C54318	321	16	0
C54320	321	13	0
C54322	321	15	0
C54324	321	18	0
C54326	321	16	0
C54328	322	24	0
C54330	322	20	0
C54332	322	21	0
C54334	322	18	0
C54336	322	16	0
C54338	322	21	0
C54340	322	20	0
C54342	322	19	0
C54344	322	11	0
C54346	323	15	0
C54348	323	13	0
C54350	323	40	0
C54352	323	19	0
C54354	323	14	0
C54356	323	15	0
C54358	324	18	0
C54360	324	16	0
C54362	324	13	0
C54364	324	18	0
C54366	324	17	0
C54368	324	15	0
C54370	325	15	0
C54372	325	16	0
C54374	325	19	0
C54376	325	16	0
C54378	325	16	0
C54380	325	18	0
C54382	325	18	0
C54384	325	22	0
C54386	326	22	0
C54388	326	14	0
C54390	326	17	0
C54392	326	15	0
C54394	326	19	0
C54396	326	14	0
C54398	326	15	0
C54400	327	15	0
C54402	327	21	0
C54404	327	13	0
C54406	327	16	0
C54408	327	25	0
C54410	327	17	0
C54412	327	17	0
C54414	327	18	0
C54416	327	15	0
C54418	328	29	0
C54420	328	19	0
C54422	328	13	0
C54424	328	13	0
C54426	328	16	0
C54428	328	12	0
C54430	328	20	0
C54434	328	17	0
C54436	328	21	0
C54438	328	15	0
C54440	328	22	0
C54442	329	16	0
C54444	329	20	0
C54446	329	13	0
C54448	329	12	0
C54450	329	60	0
C54452	329	15	0
C54454	329	22	0
C54456	329	17	0
C54458	330	15	0
C54460	330	16	0
C54462	330	17	0
C54464	330	16	0
C54466	330	17	0
C54468	330	14	0
C54470	330	17	0
C54472	330	22	0
C54474	331	19	0
C54476	331	15	0
C54478	331	15	0
C54482	331	17	0
C54484	331	15	0
C54486	332	24	0
C54488	332	16	0
C54490	332	19	0
C54492	332	61	0
C54494	332	21	0
C54498	332	16	0
C54500	332	13	0
C54502	332	20	0
C54504	332	17	0
C54506	332	18	0
C54508	332	18	0
C54510	332	16	0
C54512	332	16	0
C54514	333	14	0
C54516	333	20	0
C54518	333	19	0
C54520	334	21	0
C54522	334	14	0
C54524	334	19	0
C54526	334	15	0
C54528	334	21	0
C54530	334	18	0
C54532	334	20	0
C54534	334	20	0
C54536	334	13	0
C54538	334	21	0
C54540	335	18	0
C54544	335	14	0
C54546	335	15	0
C54548	335	17	0
C54550	335	17	0
C54552	335	15	0
C54554	335	12	0
C54556	336	16	0
C54558	336	21	0
C54560	336	20	0
C54564	336	18	0
C54566	336	16	0
C54568	336	17	0
C54570	337	12	0
C54572	337	18	0
C54574	337	13	0
C54576	337	18	0
C54578	337	13	0
C54580	337	17	0
C54582	338	22	0
C54584	338	11	0
C54586	338	20	0
C54588	338	24	0
C54590	339	13	0
C54592	339	23	0
C54594	339	10	0
C54596	339	13	0
C54598	339	31	0
C54600	339	21	0
C54602	339	16	0
C54604	340	50	0
C54606	340	66	0
C54608	340	10	0
C54612	340	17	0
C54614	340	34	0
C54616	340	12	0
C54618	341	15	0
C54620	341	19	0
C54622	341	15	0
C54624	341	18	0
C54626	342	14	0
C54628	342	15	0
C54630	342	15	0
C54632	342	16	0
C54634	342	16	0
C54636	342	16	0
C54638	342	17	0
C54640	342	16	0
C54642	343	21	0
C54644	343	15	0
C54646	343	23	0
C54648	344	14	0
C54650	344	12	0
C54652	344	19	0
C54654	345	16	0
C54656	345	15	0
C54658	345	17	0
C54660	345	28	0
C54662	345	17	0
C54664	345	23	0
C54666	345	22	0
C54668	345	19	0
C54670	346	15	0
C54672	346	16	0
C54674	346	21	0
C54676	346	21	0
C54678	347	17	0
C54680	347	20	0
C54682	347	17	0
C54684	347	14	0
C54686	347	21	0
C54688	347	21	0
C54690	347	18	0
C54692	347	18	0
C54694	347	13	0
C54696	347	15	0
C54698	348	16	0
C54700	348	14	0
C54702	348	13	0
C54704	348	15	0
C54706	348	21	0
C54710	348	23	0
C54712	349	17	0
C54714	349	19	0
C54716	349	22	0
C54718	349	18	0
C54720	349	15	0
C54722	349	15	0
C54724	350	15	0
C54726	351	15	0
C54728	351	27	0
C54730	351	18	0
C54732	351	13	0
C54734	351	15	0
C54736	352	30	0
C54738	352	15	0
C54740	352	19	0
C54742	352	18	0
C54746	352	24	0
C54748	353	20	0
C54750	353	15	0
C54752	353	18	0
C54754	353	20	0
C54756	353	18	0
C54758	353	14	0
C54760	354	17	0
C54762	354	20	0
C54764	354	15	0
C54766	354	21	0
C54768	354	17	0
C54770	355	33	0
C54774	355	17	0
C54776	355	21	0
C54778	355	19	0
C54780	355	16	0
C54782	355	15	0
C54784	356	33	0
C54786	356	15	0
C54788	356	16	0
C54790	356	13	0
C54792	357	18	0
C54794	357	19	0
C54796	357	76	0
C54798	357	17	0
C54800	358	14	0
C54802	358	21	0
C54806	359	17	0
C54808	359	22	0
C54810	359	20	0
C54812	359	19	0
C54814	359	17	0
C54816	359	17	0
C54818	359	66	0
C54820	359	18	0
C54822	359	23	0
C54824	360	14	0
C54826	360	15	0
C54828	360	16	0
C54830	360	65	0
C54832	360	19	0
C54834	360	21	0
C54836	361	23	0
C54838	361	22	0
C54840	361	18	0
C54842	361	22	0
C54844	361	19	0
C54846	362	15	0
C54848	362	15	0
C54850	362	20	0
C54854	362	17	0
C54856	362	20	0
C54858	362	23	0
C54860	363	18	0
C54862	363	16	0
C54864	363	24	0
C54866	363	48	0
C54868	364	16	0
C54870	364	26	0
C54872	364	15	0
C54874	364	18	0
C54876	364	17	0
C54878	364	24	0
C54880	365	19	0
C54882	365	17	0
C54884	365	18	0
C54886	365	13	0
C54888	365	14	0
C54890	365	20	0
C54892	365	18	0
C54894	365	12	0
C54896	366	19	0
C54898	366	27	0
C54900	366	21	0
C54902	366	20	0
C54904	367	15	0
C54906	367	19	0
C54908	367	17	0
C54910	367	17	0
C54912	367	19	0
C54914	367	16	0
C54916	367	16	0
C54918	367	19	0
C54920	368	22	0
C54922	368	23	0
C54924	368	18	0
C54926	368	144	0
C54928	368	18	0
C54930	369	24	0
C54932	369	15	0
C54934	369	23	0
C54936	369	21	0
C54938	369	15	0
C54940	369	23	0
C54942	369	13	0
C54944	369	23	0
C54946	369	14	0
C54948	370	22	0
C54950	370	17	0
C54952	370	16	0
C54954	371	15	0
C54956	371	15	0
C54958	371	21	0
C54960	371	13	0
C54962	372	16	0
C54964	372	14	0
C54966	372	17	0
C54968	372	18	0
C54970	372	20	0
C54972	373	13	0
C54974	373	16	0
C54976	373	18	0
C54978	373	18	0
C54980	374	17	0
C54982	374	24	0
C54984	374	20	0
C54986	374	18	0
C54988	375	22	0
C54990	375	18	0
C54992	375	16	0
C54994	375	17	0
C54996	376	15	0
C54998	376	18	0
C55000	377	21	0
C55002	377	32	0
C55004	377	19	0
C55006	378	18	0
C55008	378	18	0
C55010	378	17	0
C55012	378	18	0
C55014	378	25	0
C55016	379	23	0
C55018	380	23	0
C55020	380	19	0
C55022	380	13	0
C55024	380	23	0
C55026	380	32	0
C55028	380	16	0
C55030	381	17	0
C55032	381	14	0
C55034	381	18	0
C55036	381	52	0
C55038	381	21	0
C55040	381	20	0
C55042	381	16	0
C55044	381	16	0
C55046	381	19	0
C55050	381	22	0
C55052	381	22	0
C55054	382	15	0
C55056	382	21	0
C55058	383	18	0
C55060	383	21	0
C55062	383	15	0
C55064	383	18	0
C55066	383	19	0
C55068	384	16	0
C55070	384	22	0
C55072	384	19	0
C55074	385	18	0
C55076	385	15	0
C55078	385	21	0
C55080	386	20	0
C55082	386	17	0
C55084	387	16	0
C55086	388	20	0
C55088	388	18	0
C55092	388	22	0
C55094	388	17	0
C55098	388	29	0
C55100	389	1211	0
C55106	390	55	0
C55108	390	21	0
C55110	391	22	0
C55112	391	19	0
C55114	391	22	0
C55116	391	19	0
C55118	392	22	0
C55120	392	16	0
C55122	392	21	0
C55124	393	23	0
C55126	393	13	0
C55128	393	16	0
C55130	393	15	0
C55132	394	17	0
C55134	394	20	0
C55136	394	19	0
C55138	394	14	0
C55140	394	17	0
C55142	394	24	0
C55144	394	25	0
C55146	395	17	0
C55148	395	19	0
C55150	395	28	0
C55152	395	18	0
C55154	395	21	0
C55156	395	17	0
C55158	395	22	0
C55160	396	30	0
C55162	396	19	0
C55164	396	18	0
C55166	396	24	0
C55168	396	16	0
C55170	397	18	0
C55172	397	27	0
C55174	397	40	0
C55176	397	22	0
C55178	398	21	0
C55180	398	24	0
C55182	399	19	0
C55184	400	19	0
C55186	400	23	0
C55188	400	15	0
C55190	400	20	0
C55192	400	22	0
C55194	400	19	0
C55196	402	17	0
C55198	402	24	0
C55200	402	20	0
C55202	402	22	0
C55206	403	20	0
C55212	404	25	0
C55214	405	15	0
C55216	405	18	0
C55218	405	21	0
C55220	405	50	0
C55222	405	15	0
C55224	406	26	0
C55226	407	22	0
C55228	407	28	0
C55232	408	18	0
C55234	408	19	0
C55236	408	17	0
C55238	408	24	0
C55240	408	28	0
C55242	408	24	0
C55244	408	19	0
C55246	409	20	0
C55248	409	21	0
C55252	409	18	0
C55254	410	26	0
C55256	410	23	0
C55258	411	16	0
C55260	411	26	0
C55262	412	23	0
C55264	413	19	0
C55266	413	25	0
C55268	414	19	0
C55270	414	24	0
C55272	414	55	0
C55274	414	19	0
C55276	415	27	0
C55278	415	18	0
C55280	416	16	0
C55282	416	20	0
C55286	417	24	0
C55288	417	25	0
C55290	417	77	0
C55292	417	21	0
C55294	417	22	0
C55296	417	26	0
C55298	417	21	0
C55300	417	20	0
C55302	418	25	0
C55304	418	18	0
C55306	419	28	0
C55308	419	31	0
C55310	419	27	0
C55312	419	23	0
C55314	419	17	0
C55316	420	41	0
C55318	420	18	0
C55320	420	29	0
C55322	420	23	0
C55324	421	17	0
C55326	421	21	0
C55328	422	22	0
C55330	422	25	0
C55332	422	22	0
C55334	422	20	0
C55336	422	30	0
C55338	423	26	0
C55340	423	26	0
C55342	424	31	0
C55344	424	23	0
C55346	424	16	0
C55348	424	25	0
C55350	424	23	0
C55352	425	25	0
C55354	425	19	0
C55356	425	20	0
C55358	425	26	0
C55360	426	33	0
C55362	426	23	0
C55364	427	20	0
C55366	428	35	0
C55368	428	24	0
C55370	428	28	0
C55372	428	35	0
C55374	428	31	0
C55376	429	18	0
C55378	429	30	0
C55382	429	24	0
C55384	429	17	0
C55386	429	23	0
C55388	430	22	0
C55390	430	20	0
C55392	430	16	0
C55394	430	27	0
C55396	431	26	0
C55398	431	21	0
C55400	431	18	0
C55402	432	23	0
C55404	432	21	0
C55406	432	25	0
C55408	432	26	0
C55410	433	30	0
C55414	434	21	0
C55416	436	43	0
C55418	436	25	0
C55420	437	23	0
C55422	438	21	0
C55426	438	23	0
C55428	439	24	0
C55432	439	25	0
C55434	440	24	0
C55436	441	17	0
C55438	441	25	0
C55440	442	20	0
C55442	442	19	0
C55444	442	29	0
C55446	442	21	0
C55448	442	17	0
C55450	442	28	0
C55452	442	24	0
C55454	443	31	0
C55456	443	23	0
C55458	443	25	0
C55460	444	20	0
C55462	444	25	0
C55464	444	26	0
C55466	445	22	0
C55468	446	23	0
C55470	446	30	0
C55472	446	26	0
C55476	447	26	0
C55478	447	19	0
C55480	447	19	0
C55482	447	28	0
C55484	448	20	0
C55486	448	23	0
C55488	449	28	0
C55492	450	18	0
C55494	451	25	0
C55496	451	22	0
C55498	451	23	0
C55500	451	26	0
C55502	451	24	0
C55504	452	19	0
C55506	454	23	0
C55508	454	26	0
C55510	454	19	0
C55512	454	23	0
C55514	455	34	0
C55516	455	21	0
C55518	456	23	0
C55520	456	25	0
C55524	458	33	0
C55526	458	20	0
C55528	458	28	0
C55530	458	23	0
C55532	460	21	0
C55534	460	28	0
C55536	460	23	0
C55540	461	34	0
C55542	464	23	0
C55544	464	21	0
C55546	465	19	0
C55548	466	22	0
C55550	466	33	0
C55552	466	20	0
C55554	467	31	0
C55556	467	25	0
C55558	467	1261	0
C55560	468	27	0
C55562	470	19	0
C55566	470	22	0
C55568	471	17	0
C55570	471	24	0
C55572	471	25	0
C55574	472	20	0
C55576	472	35	0
C55578	472	31	0
C55580	473	34	0
C55582	473	21	0
C55586	474	28	0
C55588	475	32	0
C55590	476	25	0
C55592	476	23	0
C55594	477	23	0
C55596	477	23	0
C55598	478	26	0
C55600	478	26	0
C55602	479	31	0
C55606	481	25	0
C55608	482	24	0
C55610	482	33	0
C55612	482	23	0
C55614	482	20	0
C55616	486	31	0
C55618	486	29	0
C55620	487	25	0
C55622	488	31	0
C55624	489	24	0
C55626	489	220	0
C55628	492	23	0
C55630	492	114	0
C55632	493	20	0
C55634	493	22	0
C55636	494	27	0
C55638	494	23	0
C55640	495	26	0
C55642	496	19	0
C55644	496	31	0
C55646	496	26	0
C55648	498	34	0
C55650	498	22	0
C55652	498	30	0
C55654	499	28	0
C55656	500	25	0
C55658	502	25	0
C55660	502	31	0
C55662	502	23	0
C55664	503	27	0
C55666	503	21	0
C55668	505	28	0
C55670	506	177	0
C55672	506	19	0
C55674	506	27	0
C55676	506	22	0
C55678	507	123	0
C55680	508	32	0
C55682	508	27	0
C55684	508	27	0
C55686	509	36	0
C55688	509	26	0
C55690	510	33	0
C55692	511	24	0
C55694	512	28	0
C55696	512	27	0
C55698	513	27	0
C55700	514	27	0
C55702	517	33	0
C55704	518	28	0
C55708	520	22	0
C55710	521	31	0
C55712	526	33	0
C55714	526	85	0
C55716	530	26	0
C55718	531	20	0
C55720	533	27	0
C55722	534	26	0
C55724	537	24	0
C55726	538	61	0
C55728	538	34	0
C55730	539	31	0
C55732	539	34	0
C55734	540	39	0
C55736	541	29	0
C55738	543	47	0
C55740	544	24	0
C55742	544	107	0
C55744	545	34	0
C55748	546	39	0
C55750	549	26	0
C55752	549	30	0
C55754	550	46	0
C55756	551	31	0
C55758	553	24	0
C55760	554	34	0
C55762	554	27	0
C55764	554	39	0
C55766	555	36	0
C55768	556	45	0
C55770	559	37	0
C55772	560	41	0
C55774	561	32	0
C55776	561	40	0
C55778	562	26	0
C55780	565	27	0
C55782	565	26	0
C55784	565	29	0
C55786	565	34	0
C55788	567	32	0
C55790	567	36	0
C55792	568	34	0
C55794	568	31	0
C55796	568	34	0
C55798	572	144	0
C55800	576	42	0
C55802	576	41	0
C55804	577	27	0
C55806	578	40	0
C55808	579	33	0
C55810	579	34	0
C55812	580	28	0
C55814	580	37	0
C55816	582	37	0
C55818	584	31	0
C55820	585	31	0
C55822	589	27	0
C55824	589	35	0
C55826	594	28	0
C55828	595	37	0
C55830	596	30	0
C55832	596	42	0
C55834	598	33	0
C55836	600	28	0
C55840	600	71	0
C55842	600	33	0
C55844	602	69	0
C55846	603	30	0
C55848	604	40	0
C55850	604	30	0
C55852	606	35	0
C55854	609	35	0
C55856	612	38	0
C55858	612	32	0
C55860	613	38	0
C55862	615	36	0
C55864	617	32	0
C55866	620	38	0
C55868	625	36	0
C55870	626	35	0
C55872	629	36	0
C55874	629	28	0
C55878	631	40	0
C55880	631	128	0
C55882	632	37	0
C55884	638	32	0
C55886	642	38	0
C55888	642	42	0
C55890	642	39	0
C55892	643	33	0
C55894	643	75	0
C55896	644	33	0
C55900	648	33	0
C55902	652	38	0
C55904	653	40	0
C55906	653	33	0
C55908	658	31	0
C55910	660	35	0
C55912	662	28	0
C55914	662	34	0
C55916	664	41	0
C55918	665	38	0
C55920	668	509	0
C55924	674	75	0
C55926	675	121	0
C55930	685	46	0
C55932	685	148	0
C55934	685	136	0
C55936	687	45	0
C55938	692	46	0
C55940	694	39	0
C55942	698	137	0
C55944	702	53	0
C55946	702	37	0
C55948	705	37	0
C55952	707	43	0
C55954	708	51	0
C55956	709	33	0
C55960	724	34	0
C55962	732	136	0
C55964	737	42	0
C55966	738	41	0
C55968	738	53	0
C55972	746	165	0
C55974	755	38	0
C55978	763	54	0
C55980	765	37	0
C55984	766	40	0
C55986	771	47	0
C55988	777	70	0
C55990	786	46	0
C55992	793	42	0
C55994	794	43	0
C55996	799	47	0
C55998	800	49	0
C56000	803	58	0
C56002	805	43	0
C56006	807	151	0
C56012	828	179	0
C56014	830	53	0
C56016	837	54	0
C56020	849	159	0
C56022	854	63	0
C56024	855	40	0
C56026	861	246	0
C56028	863	50	0
C56030	865	139	0
C56034	905	50	0
C56036	915	177	0
C56040	927	195	0
C56042	930	67	0
C56046	943	46	0
C56048	950	170	0
C56052	964	96	0
C56054	973	175	0
C56056	977	189	0
C56064	1021	155	0
C56066	1029	68	0
C56072	1056	280	0
C56074	1070	768	0
C56078	1072	324	0
C56082	1109	555	0
C56084	1120	171	0
C56086	1133	213	0
C56088	1154	242	0
C56090	1160	254	0
C56092	1181	179	0
C56096	1229	200	0
C56102	1275	657	0
C56104	1275	123	0
C56110	1305	334	0
C56112	1321	227	0
C56114	1329	215	0
C56116	1346	232	0
C56120	1383	198	0
C56124	1420	275	0
C56126	1441	392	0
C56130	1470	311	0
C56132	1473	357	0
C56138	1559	649	0
C56140	1599	411	0
C56144	1618	233	0
C56148	1647	299	0
C56152	1658	401	0
C56158	1701	431	0
C56160	1755	534	0
C56162	1780	387	0
C56164	1846	330	0
C56170	2061	370	0
C56172	2064	898	0
C56176	2073	540	0
C56178	2118	480	0
C56180	2124	394	0
C56182	2149	382	0
C56186	2190	381	0
C56192	2238	496	0
C56194	2240	350	0
C56196	2257	448	0
C56198	2261	349	0
C56204	2365	1335	0
C56206	2403	709	0
C56214	2614	590	0
C56218	2707	468	0
C56220	2732	464	0
C56224	2781	642	0
C56228	2806	766	0
C56230	2823	497	0
C56234	2907	628	0
C56238	2958	530	0
C56240	3089	664	0
C56244	3115	485	0
C56246	3244	855	0
C56250	3290	700	0
C56262	3697	771	0
C56264	3726	1048	0
C56266	3730	541	0
C56272	3893	661	0
C56274	3943	1085	0
C56278	4090	643	0
C56280	4104	756	0
C56282	4107	692	0
C56284	4131	734	0
C56288	4150	745	0
C56294	4268	1358	0
C56296	4431	1068	0
C56302	4529	1001	0
C56304	4650	888	0
C56306	4716	1030	0
C56308	4718	1081	0
C56316	4916	939	0
C56328	5448	915	0
C56336	5622	1786	0
C56340	5688	932	0
C56344	5885	1152	0
C56346	5982	1518	0
C56348	6026	1211	0
C56354	6511	1154	0
C56358	6586	1211	0
C56366	6816	1297	0
C56368	6867	1899	0
C56386	7815	2168	0
C56388	7874	2202	0
C56390	7885	1658	0
C56392	7981	1958	0
C56396	8102	1824	0
C56400	8111	1510	0
C56404	8330	1481	0
C56406	8452	1968	0
C56408	8468	1640	0
C56416	9004	1873	0
C56418	9234	2780	0
C56426	9465	2127	0
C56428	9585	2027	0
C56430	9608	2585	0
C56432	9706	1875	0
C56440	10125	2846	0
C56442	10267	3284	0
C56444	10348	1929	0
C56448	11055	2021	0
C56450	11078	2157	0
C56454	11544	3228	0
C56458	11953	3403	0
C56466	12836	2646	0
C56468	13035	2238	0
C56474	13493	2312	0
C56476	13515	3644	0
C56478	13832	2614	0
C56480	14042	4437	0
C56482	14391	3443	0
C56484	14476	4244	0
C56486	14488	2736	0
C56490	14725	4549	0
C56492	15550	3105	0
C56504	16983	4657	0
C56508	18226	5028	0
C56512	19045	5777	0
C56514	19283	4940	0
C56516	19386	4010	0
C56520	19806	5732	0
C56524	20094	3564	0
C56526	20377	3944	0
C56532	20960	4231	0
C56534	21094	6093	0
C56536	21200	6425	0
C56538	21928	4056	0
C56540	25177	6251	0
C56544	26057	6971	0
C56546	26130	7779	0
C56550	37024	7408	0
C56558	57005	14580	0
C56560	57563	12451	0
C56562	84673	20304	0
C56564	101368	29085	0
*	0	0	0
