SRS011132_Baylor_scaffold_23	464	17	0
SRS011132_Baylor_scaffold_34	489	27	0
SRS011132_Baylor_scaffold_46	305	10	0
SRS011132_Baylor_scaffold_49	303	15	0
SRS011132_Baylor_scaffold_55	417	24	0
SRS011132_Baylor_scaffold_58	407	24	0
SRS011132_Baylor_scaffold_59	441	19	0
SRS011132_Baylor_scaffold_61	563	43	0
SRS011132_Baylor_scaffold_62	543	23	0
SRS011132_Baylor_scaffold_63	613	50	0
C103824	300	13	0
C103826	300	14	0
C103828	300	11	0
C103830	300	18	0
C103832	300	20	0
C103834	300	15	0
C103836	301	16	0
C103838	301	19	0
C103840	301	13	0
C103842	301	14	0
C103844	302	15	0
C103846	302	12	0
C103848	302	13	0
C103850	302	17	0
C103852	302	17	0
C103854	302	19	0
C103856	303	16	0
C103858	303	17	0
C103860	303	10	0
C103862	304	14	0
C103864	304	17	0
C103866	304	15	0
C103868	304	19	0
C103870	304	15	0
C103872	304	18	0
C103874	305	19	0
C103876	305	17	0
C103878	305	10	0
C103880	305	13	0
C103882	306	17	0
C103884	306	13	0
C103886	306	17	0
C103888	306	24	0
C103890	307	16	0
C103892	307	14	0
C103894	307	17	0
C103898	308	18	0
C103900	308	19	0
C103902	308	17	0
C103904	308	17	0
C103906	308	18	0
C103908	309	15	0
C103910	309	19	0
C103912	309	16	0
C103914	309	15	0
C103916	310	18	0
C103918	310	15	0
C103920	311	18	0
C103922	311	20	0
C103924	312	12	0
C103926	312	13	0
C103928	312	16	0
C103930	312	11	0
C103932	312	14	0
C103934	312	31	0
C103936	313	18	0
C103938	313	18	0
C103940	313	19	0
C103942	313	13	0
C103944	313	15	0
C103946	313	11	0
C103948	313	20	0
C103950	314	15	0
C103952	314	9	0
C103954	314	15	0
C103956	314	15	0
C103958	314	16	0
C103960	314	14	0
C103962	315	15	0
C103964	315	15	0
C103966	315	10	0
C103968	315	19	0
C103970	315	14	0
C103972	315	12	0
C103974	315	19	0
C103976	315	16	0
C103978	316	16	0
C103980	316	18	0
C103982	316	21	0
C103984	316	16	0
C103986	316	13	0
C103988	316	11	0
C103990	318	21	0
C103992	318	16	0
C103994	318	18	0
C103996	318	10	0
C103998	318	19	0
C104000	318	10	0
C104002	319	138	0
C104004	319	15	0
C104006	319	17	0
C104008	319	16	0
C104010	319	18	0
C104012	319	14	0
C104014	319	18	0
C104016	320	19	0
C104018	321	18	0
C104020	321	18	0
C104022	321	19	0
C104024	321	20	0
C104026	322	21	0
C104028	322	20	0
C104030	323	15	0
C104032	323	18	0
C104034	323	20	0
C104036	323	17	0
C104038	324	16	0
C104040	325	17	0
C104042	325	24	0
C104044	325	17	0
C104046	325	16	0
C104048	325	14	0
C104050	325	13	0
C104052	326	19	0
C104054	327	12	0
C104056	327	14	0
C104058	327	19	0
C104060	328	11	0
C104062	328	21	0
C104064	328	17	0
C104066	328	21	0
C104068	328	18	0
C104070	328	14	0
C104072	329	14	0
C104074	329	21	0
C104076	329	17	0
C104078	329	17	0
C104080	330	16	0
C104082	330	11	0
C104084	331	22	0
C104086	331	11	0
C104088	331	14	0
C104090	331	17	0
C104092	332	15	0
C104094	332	21	0
C104096	332	18	0
C104098	332	18	0
C104100	333	16	0
C104102	333	17	0
C104104	333	19	0
C104106	334	16	0
C104108	334	18	0
C104110	334	15	0
C104112	334	19	0
C104114	335	18	0
C104116	336	15	0
C104118	337	20	0
C104120	337	20	0
C104122	337	20	0
C104124	338	14	0
C104126	338	25	0
C104128	339	13	0
C104130	339	17	0
C104132	339	18	0
C104134	339	16	0
C104136	340	18	0
C104138	340	11	0
C104140	340	22	0
C104142	342	20	0
C104144	342	20	0
C104146	343	22	0
C104148	343	19	0
C104150	343	12	0
C104152	343	22	0
C104154	344	21	0
C104156	344	21	0
C104158	345	39	0
C104160	345	17	0
C104162	345	16	0
C104164	346	21	0
C104166	346	16	0
C104168	346	27	0
C104170	346	20	0
C104172	348	12	0
C104174	349	19	0
C104176	350	12	0
C104178	351	18	0
C104180	351	17	0
C104182	351	23	0
C104184	351	18	0
C104186	351	15	0
C104188	352	18	0
C104190	352	25	0
C104192	353	19	0
C104194	353	21	0
C104196	353	15	0
C104198	355	17	0
C104200	356	18	0
C104202	357	27	0
C104204	358	24	0
C104206	358	17	0
C104208	359	17	0
C104210	360	20	0
C104212	360	22	0
C104214	360	21	0
C104216	360	19	0
C104220	362	29	0
C104222	362	22	0
C104224	363	23	0
C104226	364	18	0
C104230	364	16	0
C104232	364	22	0
C104234	365	24	0
C104236	365	13	0
C104238	365	22	0
C104240	366	17	0
C104242	366	26	0
C104244	367	21	0
C104246	367	19	0
C104248	367	19	0
C104250	367	25	0
C104252	368	19	0
C104254	369	24	0
C104256	371	18	0
C104258	371	21	0
C104260	371	23	0
C104262	372	18	0
C104264	372	21	0
C104266	372	17	0
C104268	374	18	0
C104270	374	15	0
C104272	375	19	0
C104274	376	15	0
C104276	376	22	0
C104278	376	16	0
C104280	377	17	0
C104282	377	30	0
C104284	378	15	0
C104286	378	17	0
C104288	379	26	0
C104290	381	22	0
C104292	381	19	0
C104294	382	25	0
C104296	382	18	0
C104298	382	30	0
C104300	383	23	0
C104302	383	26	0
C104304	387	20	0
C104306	388	20	0
C104308	389	23	0
C104310	389	149	0
C104312	390	30	0
C104316	391	581	0
C104318	392	18	0
C104320	392	17	0
C104322	393	17	0
C104324	394	24	0
C104326	394	38	0
C104328	394	17	0
C104330	396	32	0
C104332	396	19	0
C104334	397	17	0
C104336	398	24	0
C104338	398	25	0
C104340	398	36	0
C104342	399	21	0
C104344	399	25	0
C104346	400	17	0
C104348	401	43	0
C104350	402	20	0
C104352	402	23	0
C104354	403	21	0
C104356	404	17	0
C104358	405	21	0
C104360	405	21	0
C104362	406	50	0
C104364	407	21	0
C104366	412	21	0
C104368	414	18	0
C104370	415	26	0
C104372	416	20	0
C104374	418	21	0
C104376	419	24	0
C104378	420	22	0
C104380	420	22	0
C104382	421	29	0
C104384	421	29	0
C104386	421	21	0
C104388	423	1412	0
C104390	423	25	0
C104392	424	19	0
C104394	425	23	0
C104396	428	24	0
C104398	429	23	0
C104400	429	20	0
C104402	430	41	0
C104404	431	20	0
C104406	433	37	0
C104408	437	21	0
C104410	438	18	0
C104412	438	22	0
C104414	441	23	0
C104416	442	23	0
C104418	444	20	0
C104420	446	29	0
C104422	447	22	0
C104424	447	26	0
C104426	448	20	0
C104428	449	23	0
C104430	450	28	0
C104432	453	35	0
C104434	453	25	0
C104436	453	31	0
C104438	456	26	0
C104440	457	24	0
C104442	457	17	0
C104444	460	26	0
C104446	460	42	0
C104448	467	26	0
C104450	467	31	0
C104452	472	37	0
C104454	474	28	0
C104456	476	37	0
C104458	478	20	0
C104460	484	25	0
C104462	494	32	0
C104464	495	22	0
C104466	502	25	0
C104468	506	45	0
C104470	508	30	0
C104472	508	29	0
C104474	510	27	0
C104476	510	34	0
C104478	510	29	0
C104480	511	23	0
C104482	512	28	0
C104484	526	35	0
C104486	530	34	0
C104488	534	42	0
C104490	537	32	0
C104492	544	34	0
C104494	559	38	0
C104498	569	32	0
C104500	574	25	0
C104502	579	36	0
C104504	581	31	0
C104506	586	39	0
C104508	605	36	0
C104510	611	30	0
C104512	628	33	0
C104514	632	43	0
C104516	676	55	0
C104518	677	44	0
C104520	711	53	0
C104522	716	43	0
C104524	770	40	0
C104526	818	44	0
C104528	820	81	0
C104530	848	54	0
C104532	1018	71	0
C104534	1176	121	0
C104536	1209	98	0
*	0	0	0
